286 4270
1 9
1 32
1 39
1 54
1 56
1 152
1 157
1 192
1 195
1 227
1 238
1 259
1 276
2 12
2 18
2 26
2 31
2 92
2 148
2 158
2 193
2 198
2 201
2 211
2 214
2 219
2 221
2 235
2 242
2 285
3 17
3 24
3 30
3 41
3 49
3 66
3 72
3 146
3 148
3 165
3 182
3 192
3 211
3 231
3 259
4 4
4 40
4 54
4 57
4 81
4 108
4 112
4 148
4 157
4 190
4 198
4 201
4 202
4 238
5 21
5 28
5 31
5 72
5 104
5 111
5 121
5 160
5 216
5 246
6 16
6 58
6 76
6 79
6 86
6 92
6 105
6 117
6 177
6 184
6 186
6 211
6 218
6 229
6 233
6 260
7 20
7 33
7 37
7 75
7 131
7 139
7 144
7 195
7 204
7 217
7 222
7 272
8 18
8 42
8 45
8 68
8 73
8 79
8 95
8 106
8 122
8 157
8 172
8 208
8 224
8 235
8 242
8 264
8 267
8 279
8 281
9 84
9 105
9 106
9 112
9 130
9 148
9 158
9 166
9 219
9 232
9 285
10 31
10 56
10 70
10 94
10 122
10 133
10 168
10 215
10 216
10 238
11 13
11 32
11 93
11 132
11 136
11 143
11 151
11 166
11 194
11 221
11 237
11 239
11 253
11 266
11 268
11 274
12 22
12 25
12 34
12 82
12 128
12 161
12 167
12 187
12 194
12 208
12 217
12 252
12 255
12 257
12 273
12 283
13 35
13 94
13 98
13 122
13 138
13 154
13 156
13 181
13 217
13 238
13 239
13 242
14 7
14 9
14 18
14 38
14 40
14 59
14 61
14 70
14 107
14 128
14 160
14 163
14 197
14 202
15 17
15 18
15 20
15 44
15 47
15 115
15 116
15 144
15 156
15 160
15 169
15 177
15 195
15 218
15 241
15 251
15 256
15 285
16 38
16 41
16 44
16 54
16 68
16 107
16 112
16 113
16 119
16 128
16 155
16 218
16 226
16 237
16 240
17 32
17 44
17 69
17 85
17 108
17 127
17 138
17 196
17 220
17 221
17 267
17 275
17 276
18 20
18 25
18 47
18 58
18 92
18 108
18 128
18 142
18 171
18 172
18 184
18 192
18 196
19 23
19 36
19 52
19 53
19 73
19 92
19 94
19 119
19 129
19 158
19 187
19 189
19 201
19 222
19 266
19 277
20 25
20 51
20 52
20 72
20 99
20 105
20 150
20 183
20 220
20 241
20 247
21 5
21 7
21 29
21 35
21 48
21 51
21 120
21 149
21 155
21 186
21 193
21 197
21 200
21 202
21 208
21 251
21 256
21 259
22 9
22 32
22 55
22 62
22 75
22 80
22 153
22 172
22 178
22 192
22 205
22 217
22 219
22 223
22 277
23 12
23 19
23 59
23 68
23 70
23 72
23 93
23 101
23 112
23 155
23 156
23 162
23 188
23 206
23 209
23 221
23 227
23 235
23 242
23 266
24 4
24 11
24 15
24 27
24 29
24 48
24 58
24 65
24 131
24 160
24 161
24 170
24 191
24 237
24 248
24 255
24 276
25 10
25 14
25 32
25 33
25 60
25 81
25 88
25 104
25 133
25 135
25 137
25 200
25 208
25 221
25 225
25 236
26 30
26 54
26 80
26 99
26 109
26 122
26 133
26 145
26 148
26 151
26 152
26 182
26 184
26 192
26 199
26 200
26 213
26 225
26 233
27 13
27 22
27 38
27 42
27 83
27 156
27 168
27 170
27 176
27 187
27 204
27 205
27 238
27 249
27 257
27 268
27 270
27 272
28 15
28 27
28 31
28 51
28 62
28 128
28 134
28 156
28 188
28 192
28 205
28 216
28 239
28 242
28 246
28 260
28 273
28 274
29 7
29 17
29 20
29 23
29 49
29 70
29 77
29 91
29 118
29 133
29 135
29 137
29 155
29 187
29 189
29 217
29 240
29 275
29 283
30 38
30 42
30 52
30 56
30 83
30 92
30 100
30 124
30 158
30 160
30 162
30 173
30 181
30 196
30 202
30 206
30 239
30 252
30 258
31 12
31 17
31 20
31 122
31 137
31 156
31 162
31 168
31 177
31 213
31 222
31 248
32 1
32 12
32 27
32 31
32 66
32 73
32 77
32 104
32 124
32 150
32 162
32 178
32 243
32 275
32 279
33 26
33 45
33 51
33 59
33 60
33 80
33 86
33 100
33 110
33 118
33 119
33 159
33 202
33 220
33 252
33 263
33 266
33 273
33 278
34 65
34 92
34 117
34 183
34 225
35 43
35 50
35 77
35 79
35 106
35 111
35 114
35 130
35 138
35 165
35 175
35 184
35 196
35 209
35 225
35 255
35 267
35 277
36 7
36 18
36 23
36 24
36 48
36 80
36 89
36 107
36 122
36 132
36 180
36 208
36 212
36 219
36 243
36 259
37 2
37 59
37 63
37 68
37 70
37 88
37 101
37 111
37 124
37 125
37 135
37 137
37 196
37 197
37 207
37 209
37 214
37 227
37 266
37 275
37 284
37 286
38 4
38 11
38 19
38 20
38 102
38 136
38 172
38 232
38 240
38 241
38 243
39 6
39 15
39 56
39 58
39 59
39 63
39 97
39 129
39 137
39 138
39 140
39 152
39 204
39 213
39 227
39 239
39 258
39 278
40 24
40 51
40 90
40 101
40 135
40 149
40 208
40 235
40 236
40 261
40 285
41 7
41 22
41 27
41 33
41 39
41 47
41 139
41 209
41 223
41 231
41 242
41 245
41 254
41 283
42 12
42 16
42 30
42 83
42 93
42 99
42 109
42 142
42 147
42 157
42 164
42 191
42 199
42 201
42 202
42 207
42 278
43 14
43 31
43 56
43 75
43 82
43 175
43 184
43 202
43 227
43 233
43 241
43 248
44 3
44 10
44 26
44 109
44 128
44 133
44 164
44 171
44 181
44 215
44 224
44 225
44 246
44 260
44 272
45 33
45 41
45 44
45 49
45 54
45 57
45 70
45 104
45 111
45 123
45 128
45 131
45 139
45 143
45 172
45 191
45 228
45 231
45 233
45 240
45 247
45 248
45 250
45 254
45 255
46 10
46 31
46 38
46 55
46 61
46 82
46 89
46 93
46 95
46 135
46 151
46 157
46 158
46 168
46 172
46 194
46 197
47 21
47 28
47 53
47 71
47 89
47 98
47 100
47 105
47 158
47 160
47 161
47 170
47 222
47 223
47 245
47 246
47 283
48 10
48 23
48 36
48 70
48 113
48 114
48 123
48 171
48 241
48 248
49 16
49 17
49 21
49 38
49 41
49 47
49 54
49 67
49 104
49 125
49 136
49 193
49 196
49 200
49 202
49 269
49 279
50 58
50 92
50 94
50 96
50 112
50 132
50 140
50 172
50 195
50 202
50 205
50 221
50 231
50 238
50 242
50 247
50 257
50 262
50 269
51 46
51 62
51 83
51 95
51 100
51 204
51 222
51 230
51 232
51 257
52 1
52 2
52 20
52 35
52 39
52 72
52 105
52 149
52 159
52 180
52 187
52 200
52 207
52 270
53 10
53 23
53 25
53 29
53 55
53 70
53 103
53 114
53 120
53 127
53 133
53 149
53 177
53 191
53 202
53 212
53 214
53 255
54 27
54 63
54 82
54 92
54 98
54 129
54 207
54 230
54 248
54 263
55 19
55 24
55 33
55 56
55 61
55 70
55 181
55 194
55 209
55 230
55 237
55 242
55 270
55 271
56 22
56 36
56 49
56 50
56 129
56 139
56 173
56 186
56 226
56 267
56 278
56 279
56 280
57 6
57 35
57 45
57 56
57 59
57 82
57 87
57 104
57 118
57 120
57 167
57 178
57 179
57 184
57 206
57 211
57 214
57 220
57 233
57 235
58 46
58 95
58 101
58 106
58 107
58 110
58 111
58 156
58 167
58 193
58 210
58 214
58 215
58 240
58 255
58 258
59 7
59 29
59 151
59 152
59 178
59 185
59 192
59 202
59 204
59 207
59 208
59 217
59 225
59 274
60 20
60 31
60 41
60 97
60 127
60 135
60 144
60 145
60 159
60 191
60 204
60 227
60 261
61 2
61 17
61 27
61 74
61 75
61 88
61 97
61 123
61 141
61 170
61 184
61 187
61 199
61 216
61 224
61 244
61 254
62 45
62 47
62 59
62 79
62 88
62 91
62 103
62 104
62 195
62 201
62 202
62 205
62 237
62 278
63 2
63 35
63 37
63 47
63 84
63 88
63 89
63 91
63 127
63 160
63 162
63 181
63 195
63 225
63 245
63 254
63 261
63 280
63 284
64 5
64 19
64 25
64 76
64 82
64 110
64 118
64 139
64 140
64 147
64 154
64 168
64 186
64 207
64 216
64 232
64 250
65 16
65 19
65 26
65 28
65 55
65 80
65 92
65 116
65 139
65 147
65 175
65 181
65 187
65 198
65 237
65 249
65 270
66 97
66 115
66 137
66 174
66 195
66 222
66 227
66 260
66 265
66 282
67 1
67 45
67 76
67 90
67 101
67 180
67 196
67 213
67 215
67 218
67 224
67 242
67 253
67 257
67 272
68 1
68 19
68 20
68 26
68 39
68 51
68 70
68 103
68 111
68 117
68 118
68 186
68 247
68 276
69 10
69 18
69 29
69 67
69 83
69 105
69 181
69 198
69 201
69 214
69 223
69 237
69 239
69 278
70 6
70 64
70 65
70 70
70 71
70 94
70 109
70 118
70 160
70 219
70 247
70 264
70 275
71 3
71 25
71 32
71 72
71 104
71 111
71 149
71 174
71 195
71 203
71 231
71 255
71 272
72 15
72 16
72 47
72 61
72 68
72 73
72 88
72 117
72 134
72 136
72 166
72 203
72 224
72 226
72 232
72 237
72 266
73 17
73 36
73 111
73 126
73 143
73 151
73 186
73 191
73 198
73 234
73 236
74 42
74 56
74 153
74 159
74 178
74 185
74 198
74 212
74 227
74 257
74 259
74 279
74 284
75 9
75 20
75 31
75 58
75 83
75 113
75 120
75 127
75 185
75 190
75 229
75 248
75 259
76 19
76 35
76 39
76 51
76 75
76 77
76 78
76 107
76 131
76 147
76 231
76 258
76 276
77 18
77 25
77 31
77 68
77 79
77 119
77 124
77 127
77 136
77 137
77 157
77 176
77 179
77 189
77 192
77 253
77 261
77 262
78 49
78 58
78 112
78 122
78 133
78 136
78 152
78 169
78 171
78 183
78 198
78 208
78 223
78 235
78 237
78 243
78 249
78 251
78 280
79 53
79 63
79 74
79 119
79 136
79 154
79 166
79 168
79 178
79 243
79 254
79 257
80 3
80 18
80 36
80 69
80 70
80 174
80 186
80 205
80 216
80 227
80 228
80 260
80 267
80 280
81 1
81 2
81 22
81 48
81 61
81 71
81 73
81 120
81 145
81 149
81 165
81 174
81 199
81 218
81 222
81 252
81 268
81 281
82 6
82 29
82 33
82 43
82 62
82 86
82 90
82 116
82 124
82 144
82 168
82 175
82 210
82 223
82 266
82 267
83 6
83 14
83 97
83 107
83 112
83 138
83 149
83 169
83 204
83 222
83 235
83 263
83 268
83 270
83 280
83 285
84 13
84 25
84 30
84 31
84 58
84 72
84 77
84 97
84 99
84 127
84 128
84 129
84 134
84 168
84 173
84 186
84 193
84 212
84 215
84 220
84 242
84 269
84 277
84 281
85 59
85 67
85 73
85 100
85 166
85 181
85 199
85 205
85 219
85 244
85 270
85 271
86 46
86 49
86 60
86 96
86 104
86 113
86 121
86 145
86 158
86 186
86 194
86 209
86 214
86 253
86 258
86 262
87 6
87 43
87 103
87 130
87 134
87 150
87 155
87 171
87 196
87 211
87 224
87 238
87 255
87 262
87 281
88 6
88 20
88 31
88 36
88 66
88 117
88 138
88 149
88 210
88 257
89 10
89 34
89 39
89 51
89 53
89 73
89 148
89 165
89 195
89 198
89 206
89 214
89 222
89 228
89 231
89 241
89 257
89 259
89 263
89 271
89 279
90 6
90 11
90 21
90 115
90 119
90 125
90 161
90 185
90 219
90 256
90 282
91 20
91 23
91 74
91 89
91 108
91 117
91 137
91 147
91 172
91 223
91 241
91 270
91 285
92 2
92 9
92 14
92 48
92 61
92 76
92 105
92 117
92 155
92 156
92 171
92 173
92 193
92 210
92 220
92 228
92 264
92 268
92 280
93 6
93 7
93 35
93 44
93 62
93 75
93 114
93 120
93 153
93 154
93 163
93 169
93 180
93 223
93 230
93 244
94 47
94 56
94 80
94 93
94 109
94 136
94 163
94 173
94 200
94 236
94 239
95 9
95 22
95 48
95 55
95 140
95 181
95 186
95 193
95 215
95 217
95 248
95 264
96 13
96 22
96 85
96 95
96 127
96 139
96 168
96 191
96 214
97 40
97 60
97 95
97 134
97 186
97 188
97 200
97 213
97 242
97 279
97 286
98 2
98 25
98 35
98 46
98 69
98 73
98 91
98 108
98 130
98 140
98 159
98 166
98 175
98 176
98 188
98 191
98 215
98 233
98 234
98 248
98 273
98 275
99 2
99 3
99 28
99 29
99 48
99 63
99 108
99 150
99 157
99 164
99 167
99 188
99 200
99 219
99 223
99 256
99 263
100 13
100 28
100 46
100 55
100 57
100 68
100 70
100 109
100 139
100 145
100 155
100 162
100 172
100 177
100 214
100 216
100 217
100 236
100 237
100 239
100 243
100 251
100 258
100 284
101 9
101 16
101 19
101 32
101 33
101 108
101 129
101 133
101 182
101 203
101 216
101 219
101 232
101 243
101 275
102 47
102 48
102 64
102 75
102 81
102 83
102 101
102 109
102 125
102 128
102 134
102 148
102 166
102 178
102 207
102 220
102 248
102 266
102 284
102 286
103 4
103 28
103 31
103 76
103 81
103 95
103 96
103 99
103 121
103 124
103 144
103 166
103 223
103 249
103 259
103 282
104 5
104 20
104 45
104 50
104 88
104 109
104 154
104 155
104 170
104 181
104 207
104 214
104 241
104 261
104 285
105 10
105 22
105 91
105 97
105 101
105 110
105 165
105 170
105 176
105 227
105 236
105 265
105 274
105 284
106 36
106 41
106 60
106 61
106 73
106 91
106 123
106 146
106 207
106 214
106 225
106 233
106 236
106 259
106 272
107 3
107 21
107 34
107 44
107 95
107 104
107 107
107 119
107 138
107 151
107 193
107 194
107 213
107 231
107 258
107 272
108 53
108 68
108 84
108 135
108 153
108 161
108 198
108 209
108 213
108 236
108 246
108 276
109 61
109 91
109 94
109 119
109 121
109 129
109 131
109 159
109 165
109 167
109 178
109 231
109 251
109 258
109 261
109 262
109 270
109 280
109 282
110 38
110 65
110 67
110 91
110 116
110 119
110 124
110 150
110 182
110 186
110 199
110 232
110 248
110 252
110 255
110 256
110 283
111 15
111 22
111 28
111 34
111 58
111 76
111 77
111 93
111 98
111 101
111 106
111 153
111 160
111 199
111 219
111 258
111 266
112 97
112 113
112 127
112 154
112 160
112 166
112 171
112 178
112 194
112 206
112 219
112 222
112 253
113 19
113 30
113 46
113 56
113 62
113 94
113 106
113 128
113 144
113 160
113 182
113 187
113 219
113 221
113 226
113 250
114 9
114 20
114 26
114 58
114 61
114 71
114 136
114 144
114 153
114 240
114 242
114 252
114 254
114 267
114 274
115 16
115 23
115 34
115 36
115 65
115 78
115 90
115 104
115 109
115 124
115 128
115 154
115 156
115 159
115 163
115 175
115 186
115 190
115 260
115 273
116 21
116 49
116 57
116 72
116 74
116 99
116 131
116 138
116 162
116 167
116 210
116 212
116 226
116 276
116 282
117 32
117 70
117 128
117 166
117 179
117 203
117 264
118 7
118 51
118 78
118 88
118 100
118 107
118 162
118 165
118 168
118 201
118 254
118 284
119 76
119 89
119 106
119 122
119 134
119 140
119 171
119 177
119 197
119 199
119 208
119 223
119 243
119 247
119 260
119 268
119 273
119 274
119 282
120 2
120 19
120 21
120 88
120 110
120 118
120 122
120 143
120 175
120 183
120 187
120 201
120 250
120 267
120 269
120 278
120 286
121 1
121 4
121 18
121 44
121 46
121 82
121 97
121 98
121 108
121 165
121 167
121 197
121 270
121 283
122 14
122 27
122 37
122 46
122 52
122 63
122 81
122 84
122 120
122 172
122 186
122 220
122 226
123 4
123 21
123 34
123 54
123 61
123 71
123 93
123 108
123 109
123 150
123 175
123 177
123 187
123 188
123 191
123 252
123 274
123 280
123 283
124 16
124 18
124 35
124 46
124 60
124 62
124 65
124 103
124 127
124 133
124 152
124 179
124 222
125 4
125 21
125 23
125 33
125 37
125 52
125 60
125 67
125 114
125 119
125 124
125 127
125 138
125 179
125 205
125 224
125 252
126 40
126 42
126 67
126 76
126 90
126 99
126 155
126 162
126 164
126 198
126 207
126 216
127 29
127 48
127 53
127 54
127 79
127 82
127 89
127 91
127 111
127 151
127 187
127 197
127 230
127 252
127 255
127 281
128 2
128 93
128 115
128 133
128 165
128 225
128 255
128 264
129 9
129 18
129 32
129 51
129 54
129 69
129 92
129 104
129 117
129 122
129 126
129 136
129 173
129 213
129 217
129 224
129 250
129 256
129 267
130 43
130 78
130 80
130 85
130 129
130 161
130 165
130 189
130 195
130 197
130 211
131 21
131 23
131 27
131 70
131 75
131 96
131 115
131 118
131 161
131 170
131 181
131 186
131 206
131 208
131 210
131 227
131 269
132 13
132 34
132 37
132 127
132 128
132 171
132 225
132 237
132 267
132 278
132 286
133 20
133 68
133 72
133 83
133 84
133 97
133 103
133 107
133 118
133 125
133 150
133 156
133 167
133 171
133 178
133 240
133 243
133 262
133 263
133 279
134 4
134 11
134 15
134 94
134 108
134 127
134 157
134 184
134 189
134 199
134 200
134 274
134 284
135 25
135 63
135 66
135 78
135 103
135 110
135 112
135 140
135 151
135 154
135 157
135 164
135 181
135 199
135 227
136 6
136 14
136 17
136 42
136 64
136 71
136 75
136 98
136 110
136 118
136 136
136 142
136 145
136 168
136 177
136 183
136 217
136 264
136 265
137 44
137 109
137 123
137 138
137 155
137 185
137 241
138 33
138 67
138 72
138 75
138 78
138 110
138 111
138 125
138 137
138 156
138 158
138 177
138 187
138 207
138 218
138 281
139 43
139 65
139 67
139 76
139 77
139 99
139 104
139 106
139 192
139 210
139 250
139 254
139 270
139 275
139 276
140 52
140 54
140 62
140 73
140 82
140 86
140 98
140 115
140 125
140 126
140 153
140 178
140 205
140 218
140 219
140 235
140 267
141 1
141 15
141 31
141 38
141 44
141 66
141 115
141 127
141 144
141 150
141 192
141 239
141 255
141 269
141 271
142 7
142 19
142 59
142 75
142 77
142 120
142 172
142 181
142 182
142 194
142 201
142 250
143 79
143 112
143 118
143 127
143 160
143 181
143 236
143 237
144 36
144 46
144 55
144 63
144 80
144 127
144 195
145 13
145 21
145 99
145 117
145 166
145 177
145 183
145 193
145 196
145 211
145 224
145 229
145 231
145 251
145 265
146 5
146 24
146 30
146 81
146 94
146 129
146 262
146 282
147 1
147 7
147 27
147 37
147 89
147 94
147 105
147 107
147 133
147 145
147 170
147 173
147 196
147 262
147 269
148 38
148 71
148 73
148 94
148 110
148 114
148 143
148 144
148 157
148 164
148 181
148 196
148 284
149 3
149 17
149 67
149 98
149 106
149 115
149 119
149 154
149 177
149 186
149 197
149 207
149 208
149 213
149 226
149 248
150 10
150 29
150 65
150 68
150 80
150 91
150 105
150 153
150 157
150 158
150 160
150 181
150 202
150 220
150 223
150 224
150 230
150 262
150 279
151 84
151 107
151 117
151 144
151 155
151 165
151 186
151 206
151 220
151 226
151 242
151 258
151 277
151 284
152 18
152 46
152 75
152 77
152 121
152 151
152 160
152 184
152 220
152 264
153 1
153 10
153 15
153 17
153 33
153 55
153 63
153 78
153 84
153 90
153 107
153 131
153 188
153 263
153 286
154 6
154 43
154 46
154 71
154 118
154 123
154 127
154 140
154 190
154 251
154 260
155 10
155 13
155 57
155 63
155 64
155 78
155 103
155 132
155 133
155 153
155 174
155 180
155 182
155 187
155 189
155 190
155 207
155 225
155 228
155 231
155 242
155 254
156 12
156 36
156 95
156 148
156 173
156 201
156 225
156 226
157 1
157 13
157 21
157 23
157 65
157 68
157 74
157 82
157 109
157 137
157 145
157 182
157 195
157 201
157 215
157 230
157 234
157 255
157 266
157 273
157 283
158 25
158 45
158 51
158 73
158 74
158 93
158 122
158 144
158 170
158 183
158 212
158 220
158 239
158 247
159 24
159 30
159 45
159 46
159 50
159 66
159 70
159 84
159 170
159 182
159 213
160 3
160 20
160 26
160 62
160 101
160 131
160 143
160 157
160 187
160 198
160 232
160 266
160 275
161 19
161 33
161 42
161 58
161 63
161 99
161 134
161 147
161 224
161 245
161 258
161 265
161 286
162 14
162 18
162 39
162 53
162 102
162 127
162 136
162 139
162 141
162 164
162 167
162 200
162 219
162 241
162 247
162 270
162 280
163 8
163 49
163 82
163 99
163 103
163 127
163 166
163 179
163 195
163 252
163 260
163 282
164 5
164 79
164 86
164 105
164 108
164 123
164 138
164 184
164 205
164 221
164 253
164 266
165 11
165 13
165 19
165 20
165 27
165 72
165 102
165 104
165 136
165 190
165 197
165 258
165 269
165 276
166 2
166 4
166 41
166 42
166 53
166 79
166 83
166 91
166 116
166 172
166 182
166 208
166 210
166 256
166 259
167 70
167 82
167 133
167 155
167 157
167 162
167 163
167 188
167 207
167 211
167 221
167 228
167 271
168 1
168 12
168 37
168 38
168 71
168 107
168 110
168 152
168 158
168 169
168 199
168 202
168 265
168 274
169 35
169 75
169 115
169 119
169 143
169 186
169 188
169 216
169 220
169 224
169 233
170 23
170 27
170 52
170 83
170 149
170 154
170 171
170 178
170 189
170 207
170 243
170 247
170 257
170 281
171 4
171 8
171 12
171 14
171 17
171 19
171 21
171 55
171 79
171 104
171 106
171 108
171 120
171 129
171 134
171 159
171 172
171 183
171 208
171 251
171 259
171 273
171 284
172 7
172 13
172 15
172 17
172 26
172 31
172 42
172 43
172 54
172 60
172 70
172 72
172 81
172 119
172 135
172 136
172 140
172 142
172 154
172 157
172 175
172 199
172 279
172 285
173 6
173 113
173 119
173 156
173 200
173 203
173 231
174 27
174 43
174 87
174 94
174 118
174 121
174 126
174 127
174 161
174 200
174 215
174 218
174 243
174 244
175 4
175 6
175 17
175 23
175 41
175 79
175 82
175 102
175 128
175 143
175 147
175 155
175 165
175 177
175 182
175 200
175 265
176 4
176 39
176 44
176 45
176 60
176 74
176 147
176 175
176 182
176 191
176 207
176 211
176 213
176 231
176 239
176 254
176 269
177 14
177 17
177 28
177 32
177 46
177 48
177 73
177 104
177 144
177 170
177 184
177 216
177 238
177 256
178 17
178 28
178 30
178 48
178 50
178 61
178 63
178 79
178 80
178 107
178 135
178 159
178 173
178 225
178 238
178 280
179 19
179 30
179 39
179 49
179 65
179 87
179 89
179 93
179 112
179 116
179 117
179 122
179 126
179 174
179 194
179 197
179 231
179 259
179 263
179 264
179 269
180 14
180 27
180 36
180 38
180 78
180 110
180 130
180 131
180 157
180 161
180 165
180 190
180 195
180 240
180 269
180 275
181 4
181 53
181 89
181 136
181 142
181 226
181 237
182 3
182 24
182 26
182 39
182 43
182 65
182 71
182 108
182 122
182 155
182 185
182 190
182 199
182 223
182 232
182 243
182 261
182 262
182 264
183 25
183 52
183 74
183 94
183 125
183 137
183 160
183 174
183 183
183 186
183 190
183 200
183 212
183 213
183 234
183 249
183 276
184 6
184 28
184 44
184 95
184 102
184 155
184 166
184 191
184 196
184 201
184 232
184 269
184 281
185 25
185 32
185 66
185 71
185 91
185 102
185 111
185 136
185 138
185 149
185 160
185 168
185 184
185 210
185 221
185 274
186 10
186 29
186 56
186 84
186 87
186 106
186 107
186 206
186 249
186 261
186 279
187 6
187 8
187 33
187 69
187 105
187 133
187 176
187 182
187 194
187 197
187 202
187 222
187 247
187 254
187 269
188 36
188 49
188 64
188 92
188 102
188 121
188 133
188 140
188 156
188 187
188 228
188 251
188 253
188 270
189 13
189 20
189 28
189 73
189 109
189 129
189 160
189 173
189 200
189 222
189 228
189 241
189 256
189 281
189 282
190 67
190 198
190 244
190 267
190 283
191 17
191 23
191 45
191 77
191 101
191 117
191 133
191 144
191 150
191 162
191 199
191 207
191 236
191 271
191 273
192 2
192 3
192 55
192 58
192 71
192 170
192 174
192 191
192 234
192 249
192 274
192 276
193 14
193 35
193 71
193 80
193 85
193 127
193 145
193 151
193 164
193 185
193 198
193 199
193 224
193 232
193 235
193 248
193 256
193 268
194 12
194 15
194 23
194 43
194 44
194 83
194 87
194 111
194 118
194 129
194 171
194 175
194 195
194 198
194 215
194 234
194 259
194 265
194 266
194 285
195 6
195 45
195 60
195 85
195 89
195 107
195 121
195 258
195 267
195 283
196 6
196 22
196 61
196 109
196 121
196 127
196 131
196 171
196 239
196 246
196 258
196 273
196 277
196 285
197 40
197 74
197 87
197 132
197 148
197 150
197 166
197 226
197 254
198 1
198 5
198 37
198 38
198 69
198 159
198 210
198 239
198 248
198 258
198 273
198 285
199 4
199 13
199 20
199 24
199 41
199 46
199 61
199 78
199 82
199 130
199 143
199 146
199 147
199 159
199 172
199 178
199 185
199 186
199 199
199 222
199 224
199 225
199 277
200 24
200 116
200 122
200 129
200 143
200 160
200 164
200 194
200 199
200 219
200 221
200 242
200 253
200 268
201 3
201 14
201 17
201 36
201 61
201 103
201 107
201 134
201 145
201 173
201 177
201 182
201 184
201 211
201 220
201 231
201 274
201 281
202 2
202 6
202 17
202 35
202 43
202 75
202 86
202 94
202 110
202 112
202 131
202 140
202 152
202 169
202 182
202 199
202 216
202 231
202 249
202 269
203 13
203 47
203 64
203 79
203 85
203 99
203 103
203 108
203 123
203 151
203 165
203 186
203 189
203 204
203 238
203 267
203 273
204 56
204 69
204 95
204 107
204 167
204 182
204 201
204 224
204 259
204 269
205 14
205 20
205 24
205 90
205 101
205 106
205 119
205 177
205 206
205 243
205 251
205 261
206 65
206 67
206 113
206 161
206 180
206 249
206 250
206 251
206 265
206 276
207 46
207 92
207 102
207 126
207 144
207 187
207 198
207 208
207 229
207 233
208 14
208 16
208 20
208 60
208 62
208 79
208 95
208 100
208 118
208 141
208 180
208 217
208 220
208 238
208 245
208 247
208 255
208 260
208 285
208 286
209 15
209 16
209 52
209 81
209 94
209 106
209 117
209 141
209 150
209 190
209 192
209 194
209 203
209 258
209 272
210 2
210 22
210 27
210 32
210 36
210 38
210 66
210 72
210 75
210 114
210 123
210 195
210 208
210 219
210 224
210 228
210 230
210 269
211 20
211 30
211 41
211 94
211 106
211 107
211 203
211 222
211 232
211 242
211 245
211 265
211 270
212 25
212 53
212 63
212 75
212 79
212 80
212 136
212 163
212 167
212 194
212 209
212 215
212 269
212 281
213 25
213 31
213 55
213 58
213 129
213 131
213 162
213 178
213 189
213 209
213 212
213 221
213 230
213 231
213 241
213 243
213 274
213 280
214 69
214 83
214 112
214 143
214 163
214 201
214 223
214 240
214 243
214 256
214 270
214 281
215 25
215 62
215 73
215 77
215 78
215 92
215 126
215 129
215 145
215 150
215 162
215 165
215 167
215 178
215 195
215 255
215 256
215 257
215 270
216 1
216 67
216 72
216 74
216 92
216 94
216 135
216 164
216 174
216 184
216 193
216 209
216 215
216 227
216 239
216 255
216 264
217 1
217 19
217 27
217 51
217 70
217 74
217 81
217 93
217 120
217 136
217 159
217 167
217 207
217 234
217 248
217 257
217 268
218 23
218 27
218 82
218 99
218 105
218 107
218 110
218 139
218 140
218 169
218 172
218 185
218 186
218 199
218 200
218 216
218 237
218 258
218 265
219 11
219 37
219 68
219 74
219 103
219 120
219 123
219 141
219 152
219 185
219 237
219 244
220 11
220 150
220 234
220 267
220 284
221 1
221 3
221 15
221 47
221 73
221 107
221 136
221 154
221 157
221 161
221 201
221 240
221 247
221 276
221 280
222 6
222 50
222 78
222 81
222 83
222 104
222 117
222 133
222 139
222 142
222 149
222 157
222 210
222 219
223 2
223 16
223 17
223 19
223 23
223 39
223 45
223 48
223 53
223 79
223 93
223 153
223 174
223 189
223 201
223 238
223 239
223 240
223 250
223 253
223 284
224 35
224 38
224 43
224 58
224 60
224 65
224 91
224 103
224 123
224 138
224 145
224 161
224 190
224 197
224 201
224 208
224 232
224 257
224 263
224 270
224 277
224 285
225 3
225 16
225 20
225 21
225 23
225 26
225 48
225 51
225 56
225 88
225 121
225 174
225 181
225 182
225 209
225 213
225 232
225 236
225 250
225 275
226 2
226 46
226 58
226 63
226 75
226 83
226 108
226 109
226 131
226 188
226 211
226 240
226 261
226 279
226 282
227 37
227 82
227 88
227 129
227 138
227 144
227 173
227 177
227 184
227 204
227 220
227 275
228 33
228 63
228 83
228 87
228 89
228 150
228 169
228 182
228 235
228 249
228 258
228 286
229 46
229 55
229 77
229 86
229 90
229 111
229 115
229 161
229 168
229 174
229 204
229 211
229 269
230 11
230 30
230 46
230 47
230 50
230 71
230 75
230 116
230 124
230 203
230 207
230 210
230 224
230 250
230 251
231 41
231 55
231 129
231 143
231 150
231 194
231 196
231 206
231 211
231 214
231 224
231 231
231 241
231 265
231 285
232 3
232 29
232 35
232 36
232 65
232 70
232 84
232 96
232 110
232 136
232 148
232 164
232 185
232 206
232 212
232 213
232 220
232 228
232 233
232 241
232 245
232 254
233 88
233 92
233 93
233 103
233 106
233 134
233 163
233 185
233 198
233 246
233 279
234 36
234 39
234 107
234 154
234 159
234 183
234 193
234 200
234 225
234 263
234 275
235 12
235 13
235 26
235 57
235 64
235 65
235 67
235 84
235 110
235 123
235 158
235 182
235 192
235 203
235 208
235 234
235 252
236 20
236 42
236 66
236 76
236 126
236 144
236 146
236 159
236 182
236 183
236 195
236 214
236 219
236 260
236 277
236 286
237 9
237 65
237 85
237 87
237 124
237 137
237 145
237 183
237 188
237 193
237 201
237 207
237 256
237 261
237 263
237 281
238 39
238 41
238 47
238 62
238 75
238 79
238 143
238 161
238 165
238 193
238 201
238 213
238 256
238 261
238 264
238 271
238 275
238 282
239 14
239 28
239 38
239 46
239 55
239 80
239 100
239 103
239 125
239 127
239 145
239 149
239 234
239 242
239 276
240 4
240 6
240 46
240 77
240 89
240 99
240 109
240 130
240 170
240 187
240 197
240 219
240 224
241 8
241 21
241 25
241 31
241 41
241 55
241 75
241 105
241 107
241 119
241 120
241 137
241 141
241 158
241 165
241 180
241 205
241 248
241 253
241 260
242 15
242 30
242 57
242 84
242 89
242 193
242 203
242 224
242 234
242 247
242 252
242 264
242 268
243 12
243 23
243 24
243 65
243 107
243 119
243 123
243 133
243 136
243 193
243 238
244 21
244 31
244 49
244 67
244 70
244 95
244 120
244 121
244 124
244 129
244 143
244 153
244 156
244 216
244 220
244 251
244 255
244 285
245 10
245 29
245 45
245 108
245 123
245 147
245 175
245 185
245 193
245 196
245 217
245 218
245 251
245 252
245 265
245 281
246 17
246 84
246 145
246 155
246 171
246 217
246 244
246 246
247 1
247 3
247 62
247 70
247 81
247 112
247 118
247 144
247 160
247 194
247 238
247 242
247 252
247 255
247 263
247 284
248 15
248 35
248 36
248 40
248 46
248 58
248 93
248 99
248 104
248 109
248 124
248 132
248 136
248 166
248 171
248 181
248 182
248 189
248 199
248 200
248 213
248 257
248 276
248 284
249 11
249 13
249 37
249 44
249 59
249 87
249 113
249 173
249 175
249 194
249 195
249 212
249 213
249 228
249 248
249 249
249 272
249 284
250 12
250 41
250 52
250 67
250 90
250 114
250 125
250 144
250 159
250 165
250 167
250 204
250 244
251 5
251 12
251 58
251 61
251 81
251 115
251 119
251 174
251 193
251 212
251 215
251 222
251 238
251 249
251 269
252 1
252 58
252 64
252 71
252 76
252 96
252 103
252 119
252 123
252 154
252 189
252 213
252 226
252 275
253 29
253 40
253 41
253 55
253 79
253 92
253 118
253 157
253 175
253 236
253 264
253 278
253 286
254 7
254 30
254 70
254 76
254 100
254 136
254 137
254 164
254 167
254 236
254 249
254 276
254 286
255 66
255 67
255 75
255 90
255 116
255 138
255 141
255 170
255 171
255 203
255 206
255 215
255 238
255 267
256 13
256 27
256 31
256 62
256 78
256 90
256 109
256 117
256 124
256 138
256 142
256 149
256 166
256 195
256 232
256 247
256 262
256 268
256 280
257 11
257 56
257 66
257 71
257 106
257 127
257 134
257 170
257 171
257 179
257 186
257 243
258 33
258 34
258 78
258 87
258 119
258 131
258 166
258 175
258 178
258 192
258 200
258 210
258 211
258 213
258 259
258 276
258 283
259 30
259 52
259 64
259 89
259 95
259 98
259 136
259 138
259 144
259 172
259 182
259 190
259 195
259 235
259 241
259 253
260 7
260 25
260 58
260 110
260 138
260 166
260 177
260 202
260 206
260 236
260 248
260 270
261 14
261 62
261 70
261 82
261 95
261 100
261 106
261 119
261 131
261 134
261 155
261 158
261 173
261 192
261 202
261 225
262 7
262 53
262 57
262 62
262 64
262 160
262 214
262 237
262 268
262 269
263 50
263 55
263 79
263 108
263 118
263 143
263 153
263 154
263 157
263 158
263 212
263 218
263 226
263 235
263 268
263 273
264 4
264 31
264 36
264 95
264 110
264 117
264 130
264 151
264 155
264 165
264 181
264 272
265 9
265 24
265 35
265 47
265 59
265 76
265 78
265 83
265 98
265 113
265 182
265 208
265 238
265 262
266 8
266 18
266 21
266 32
266 48
266 49
266 54
266 69
266 70
266 74
266 82
266 95
266 140
266 175
266 181
266 222
266 231
266 249
266 258
266 269
266 280
267 11
267 24
267 80
267 90
267 101
267 122
267 125
267 145
267 187
267 188
267 191
267 200
267 222
267 230
267 235
267 243
268 19
268 34
268 73
268 84
268 91
268 105
268 106
268 110
268 130
268 132
268 168
268 189
268 199
268 213
268 232
268 238
268 241
268 282
269 25
269 34
269 64
269 66
269 71
269 76
269 80
269 126
269 137
269 155
269 197
269 224
269 238
269 258
269 267
269 285
270 3
270 15
270 17
270 70
270 110
270 112
270 118
270 141
270 143
270 166
270 190
270 270
270 280
270 283
271 103
271 117
271 137
271 142
271 146
271 161
271 190
271 208
271 217
271 225
272 1
272 2
272 25
272 52
272 53
272 54
272 58
272 60
272 80
272 103
272 128
272 147
272 149
272 159
272 226
272 228
272 231
272 236
272 242
272 246
272 252
272 255
272 264
272 281
273 6
273 27
273 41
273 84
273 92
273 99
273 102
273 113
273 130
273 181
273 222
273 238
273 241
273 254
273 280
274 5
274 28
274 130
274 135
274 140
274 142
274 226
275 22
275 33
275 67
275 68
275 92
275 131
275 154
275 158
275 165
275 177
275 178
275 187
275 194
275 266
276 38
276 41
276 67
276 76
276 106
276 107
276 142
276 172
276 184
276 217
276 238
276 250
276 256
276 283
277 23
277 25
277 36
277 43
277 64
277 71
277 89
277 92
277 106
277 126
277 145
277 172
277 173
277 187
277 199
277 201
277 211
277 243
277 261
278 25
278 50
278 55
278 64
278 76
278 95
278 112
278 115
278 137
278 138
278 142
278 145
278 169
278 170
278 171
278 178
278 196
278 197
278 202
278 216
278 223
278 226
278 265
279 4
279 6
279 15
279 27
279 47
279 53
279 102
279 104
279 121
279 131
279 152
279 171
279 248
279 253
279 277
279 284
280 8
280 33
280 62
280 71
280 74
280 91
280 94
280 109
280 162
280 165
280 182
280 188
280 252
280 258
280 265
281 25
281 78
281 117
281 166
281 209
281 243
281 250
281 254
281 280
282 5
282 47
282 67
282 105
282 116
282 118
282 122
282 144
282 170
282 186
282 206
282 242
282 243
283 25
283 38
283 42
283 54
283 55
283 62
283 72
283 103
283 120
283 150
283 156
283 192
283 216
283 217
283 229
284 18
284 61
284 73
284 105
284 113
284 120
284 176
284 195
284 196
284 198
284 216
284 226
284 253
285 27
285 31
285 52
285 61
285 76
285 93
285 117
285 122
285 124
285 151
285 157
285 189
285 215
285 237
286 16
286 23
286 31
286 40
286 48
286 50
286 99
286 133
286 144
286 146
286 156
286 168
286 174
286 200
286 269

